Iteration,Fitness,AParameter,Distance,Diversity
1,52.75292582556146,1.9975,454.9854866587999,830.3145871814943
2,40.7803890064315,1.995,398.8902528739017,559.6258627190638
3,22.977554689177364,1.9925,296.4193623351806,420.81809695912455
4,14.427299098399835,1.99,231.7909289616899,374.020938380914
5,14.81675553353136,1.9875,235.0728397882538,329.3593444372437
6,18.538694886258206,1.985,264.8628301660243,331.85949948999104
7,9.759779203690616,1.9825,187.22319392573334,323.2855768305544
8,9.115394109432682,1.98,180.29503507063205,310.80420546326786
9,9.883133080578624,1.9775,188.50074883641076,304.09537258920307
10,8.024393866708396,1.975,167.4954202926237,278.5539230501627
11,3.272485395866462,1.9725,91.93785686957922,262.40633373067755
12,6.740739457438304,1.97,151.77390228269664,241.08521603218924
13,4.883019663040144,1.9675,124.6296018575446,233.87642022713945
14,6.038395466990595,1.965,142.19601944659354,207.6167096462826
15,4.673617751184929,1.9625,120.49190364045204,219.66294407858769
16,3.767485699459495,1.96,105.21494467654568,199.01151208825817
17,2.693160500428395,1.9575,82.3876792578763,208.44779530220885
18,7.615912482065219,1.955,162.6871345763523,281.4695682189919
19,5.871901662684103,1.9525,139.5866998004759,246.02768822976208
20,5.033885600201904,1.95,127.31755075747196,221.47371342448864
21,4.0555173091908205,1.9475,110.5441693020136,209.96329455987978
22,4.565407518057448,1.945,119.4096490861653,179.69518581562684
23,5.263190519059184,1.9425,130.55809404197703,220.98785374404503
24,3.230024984956529,1.94,94.38724768017353,212.1786525041804
25,3.8230550601688127,1.9375,106.26443275061156,227.7128383723679
26,5.571419735137878,1.935,135.22485488313876,213.52843937984198
27,7.631419195928817,1.9325,162.8672973312204,219.67236935426467
28,4.670861955707758,1.93,121.0603468687312,203.27360017993345
29,6.124114549850649,1.9275,143.2037139064563,232.4450499530264
30,4.270387072460911,1.925,114.37774958030697,225.30814962744927
31,9.803147470174844,1.9225,187.63351867776916,258.316672686496
32,5.626407394796087,1.92,136.0387118663565,225.37332219509463
33,6.352341547817366,1.9175,146.31767080324323,200.19148096365376
34,6.444379314151098,1.915,147.56933422513183,207.75794139605236
35,6.7271071403309435,1.9125,151.3552294984895,203.44157396538367
36,6.670623208815497,1.91,150.597513564334,182.5556264380543
37,5.39198138733883,1.9075,132.77044167724426,162.60157846118972
38,5.818276136767122,1.905,138.88854315051051,185.01691434458908
39,7.550237520138182,1.9025,161.85012162623931,192.8445365207533
40,6.932090284247332,1.9,153.86141153372225,211.94011107970528
41,7.391499142812218,1.8975,160.12399689239282,210.0611027449062
42,6.9026227441062895,1.895,153.97914721064464,194.51173919103778
43,7.038380493164422,1.8925,155.49093262931927,199.59393481300205
44,6.90127933258922,1.89,153.6395695475041,194.30617942634197
45,6.907060751923752,1.8875,153.72062536154507,168.34370882613297
46,5.897692541955839,1.885,139.97078450444675,155.48934473786179
47,5.195628366154098,1.8825,129.5439485354921,165.09696234579184
48,4.573358534864881,1.88,119.81962019012934,162.36219238187226
49,5.059577418023169,1.8775,127.1575347299862,167.92104522899157
50,6.824597978571953,1.875,152.66430573279916,170.58961578796004
51,6.90518496976353,1.8725,153.69815053239373,185.2738570456246
52,6.27704451062398,1.87,145.29543872980173,182.02499896340782
53,4.30129555848,1.8675,114.88362386330829,193.1277429166471
54,4.583275167096473,1.865,118.73145044618582,176.54288757388707
55,3.3482801561836206,1.8625,96.91821479968586,191.9926038572328
56,7.10074448526531,1.8599999999999999,156.21569168964638,200.6589713836051
57,5.178353451620193,1.8575,129.4517614822344,190.99475667592213
58,3.56049977823191,1.855,101.29063375056717,186.5572943372071
59,5.575881170177221,1.8525,136.14122812527404,184.91966727985877
60,3.637716590884139,1.85,102.71552502217297,186.91325710646635
61,4.964973062791473,1.8475,126.17149017418582,182.44657574994716
62,3.8754525489430236,1.845,107.03120896013732,164.08634454249514
63,3.2185139785076813,1.8425,94.16522743742097,163.6478536722464
64,3.2219113466013876,1.84,93.83636647736192,173.7633856739204
65,2.922569300845113,1.8375,87.64638958496458,175.81003197394745
66,3.7063928420147985,1.835,102.3246699595006,190.44753904721233
67,4.349280197690812,1.8325,115.35348268197478,194.1676561606311
68,4.31240941883197,1.83,115.12040277736934,172.04386074611187
69,4.940727682643021,1.8275,125.5380549216612,184.50135047400312
70,4.002246135844754,1.825,110.32435487557461,180.5778140498561
71,4.664037922377561,1.8225,121.06302415407231,154.38846997921286
72,3.8351564404317036,1.82,106.49921547725707,173.116188050236
73,4.144896250298986,1.8175,112.15893508841646,165.53392401274766
74,4.3111715605216645,1.815,115.08554560129492,146.85540311132806
75,4.358749137002767,1.8125,115.80219690659332,158.33838550867074
76,5.592820507983765,1.81,135.40190412929897,153.9081099701196
77,8.432258582383618,1.8075,172.40826688093247,205.02347483621733
78,8.394134270503878,1.805,171.50678851266113,204.34499911162794
79,7.295385940105222,1.8025,158.0944985825144,177.70768456624725
80,4.838179263590236,1.8,124.23956598506095,162.0769195301329
81,3.696669304489994,1.7974999999999999,104.04750172328667,141.96707105254225
82,2.625052153046623,1.795,80.72972307172125,135.32226856086157
83,4.044803066443728,1.7925,110.9018199973454,124.88101674841312
84,2.7545656048658436,1.79,83.7281035401335,148.2793666243885
85,3.835488798908619,1.7875,106.34111609503702,157.00830137591646
86,4.417614239722444,1.785,116.87757252208485,140.23361997475178
87,4.474417206006854,1.7825,117.88601038651396,157.61722927211775
88,4.377503737749927,1.78,116.84371313950788,160.91154528122766
89,5.497033528229608,1.7775,134.16281211213553,156.19779215045926
90,4.822435268193944,1.775,123.65176730579344,163.50846760188452
91,3.9621414143016813,1.7725,108.85223374103215,145.40309829961103
92,3.859968894952039,1.77,106.95427597937666,136.16221191058068
93,3.1098217072546572,1.7675,92.07959502927561,132.2586483634426
94,2.867337318281662,1.765,86.42413345139998,163.46216664485326
95,3.442161332977616,1.7625,98.94837852333828,176.3578973622968
96,2.49554952219861,1.76,76.91723620089235,137.44761356418198
97,2.5167615022043575,1.7575,77.79215061351893,116.52807315308408
98,2.821310188218923,1.755,85.35780801001282,123.75553029183027
99,3.1443245958296115,1.7525,92.61129344470416,125.98362645821791
100,2.604404538642547,1.75,80.1387086455616,144.7001227147825
101,2.9570105348988647,1.7475,88.90692000264319,148.96935852659223
102,3.7479107604633564,1.745,104.83676203671375,148.06699450299976
103,2.6583256550117924,1.7425,81.42710267659291,140.536041717307
104,2.5312746371933357,1.74,78.26901314577583,140.37409494227384
105,2.672334313799269,1.7375,81.79082547338015,132.3201777963691
106,3.0167076694150254,1.7349999999999999,90.08754977240434,122.98851263451738
107,3.2822879304404857,1.7325,95.54362742482422,132.2715976108929
108,2.7143633520512753,1.73,82.90270746903333,120.95421949401813
109,3.5392488097881905,1.7275,100.7836606940042,139.40747976286565
110,3.5291317897460566,1.725,100.2487507477912,150.85026356628765
111,2.308753446268543,1.7225,72.55643582068468,124.36133177259401
112,4.084288317150934,1.72,111.07515641351435,141.62028270111227
113,2.9948604783108483,1.7175,89.26385823606566,147.50081716442747
114,2.869589709329176,1.7149999999999999,86.47733012313402,141.5749640017326
115,2.511951580217999,1.7125,77.7694249449037,137.58620386210424
116,2.2301740365700065,1.71,70.16049499539182,128.18743005081205
117,2.8897314937945042,1.7075,86.84875868986632,133.5331280639006
118,4.829637706832668,1.705,123.76857623231903,144.84945003195799
119,2.6927469746640265,1.7025000000000001,82.2860275000449,132.3222371432168
120,2.1186315169232617,1.7,67.14611013868644,137.2833286778626
121,2.147053685256234,1.6975,69.29549760000172,121.86062883923157
122,3.032093282887656,1.695,90.1498678818098,117.51538869087842
123,2.2037987718193475,1.6925,69.37618632081728,115.0563465520841
124,1.7223927990309436,1.69,53.55534788625247,118.40595904610863
125,2.2520109138742264,1.6875,70.76821943319558,115.96493724130175
126,1.9011162048716337,1.685,60.07931898554002,126.18108511842692
127,2.367359937862483,1.6825,73.94121712557741,134.34990061659568
128,2.115111866906756,1.68,66.78617945262532,121.53099428553442
129,1.8995175806172098,1.6775,60.00519582176116,126.77796280504508
130,1.808665627349336,1.675,56.83693118164974,133.501778724561
131,2.4265997692817565,1.6724999999999999,73.63440420979916,134.88630702073823
132,2.546956686992357,1.67,78.65755261744917,124.6131028902935
133,2.7767427934168976,1.6675,84.30280376097286,131.6427750563514
134,1.603655580924186,1.665,49.136312906325266,119.84587985649048
135,2.1658286796264052,1.6625,68.2860234963232,120.35259112869426
136,2.6659334922334597,1.66,81.63587424160728,119.73559350205468
137,2.277246881526057,1.6575,71.48703837478796,103.75934987331371
138,2.3037376993165823,1.655,72.28030357351973,117.21401520994945
139,2.352912865314114,1.6524999999999999,73.61114964856752,115.4409071605146
140,2.103612931134265,1.65,66.3492516043349,115.0358346009306
141,2.5569011838283946,1.6475,79.00737548507284,101.98943599238862
142,2.652113069108316,1.645,81.17283405854506,98.07940170439997
143,1.5445876176339863,1.6425,46.56937676981644,96.15224358716532
144,1.6825708459329713,1.6400000000000001,52.861110605967525,108.26594148090854
145,2.0019401928600775,1.6375,63.2852297382136,136.62118107517765
146,1.5605809827809665,1.635,52.512927284109544,113.28057071988742
147,2.69261473888491,1.6325,82.2778987163737,116.23441803850542
148,1.6440647852830015,1.63,50.70964694754886,113.3959520763168
149,2.014947373737261,1.6275,63.691905336787514,101.85196022696393
150,1.9999811688923514,1.625,63.282819875834875,111.43601536444935
151,1.783140477177371,1.6225,55.97338800536758,110.84667151627885
152,1.9077848123117416,1.62,60.32224548698579,124.1335021080645
153,2.2427686059553302,1.6175,70.57092856437286,123.59751433098589
154,1.9935155232036263,1.615,63.23586470704741,107.82930905964068
155,1.9522548272524405,1.6125,61.78874640239278,98.44246551961618
156,1.3641946294284397,1.6099999999999999,38.18931830030305,86.18940709539193
157,2.08752462936459,1.6075,65.95484992919006,89.75330603250205
158,1.3985569126962836,1.605,39.928598942059544,88.28841912122849
159,1.5627650071154593,1.6025,51.99567150506118,96.59556432467727
160,2.0168640496894614,1.6,63.769035053970505,107.97853033341946
161,1.8126245288520013,1.5975,58.669740125566264,98.85317816991588
162,1.9892385122599856,1.595,62.64628395403455,110.28776057102614
163,2.5858015862299473,1.5925,79.64424396994764,134.83987954094937
164,2.117535720628154,1.5899999999999999,66.77876575722387,101.98356931188479
165,2.2071691760127647,1.5875,69.53566345172915,88.43670814879316
166,2.227920716379041,1.585,70.18760876125742,86.91476007740792
167,1.5827967459975567,1.5825,48.283989058067846,85.92472080107434
168,1.5896481437076533,1.58,48.27783416489681,88.74213524416585
169,1.6105807666439715,1.5775000000000001,49.42302877042432,83.85044834528536
170,2.0674067316288998,1.575,65.34128683800195,79.53137623842228
171,2.724184587055524,1.5725,83.05556654332719,89.46268113981695
172,2.588340253665753,1.57,79.70729400765958,100.42840714641048
173,2.2356142352644253,1.5675,71.11721562111151,103.35774063021711
174,2.055247371145095,1.565,64.96313260294667,99.03563262594447
175,2.016684675566952,1.5625,63.803668641111436,83.8436861658926
176,1.7428940483866346,1.56,55.05287715558356,82.59837001806736
177,1.912031201896783,1.5575,60.39620882930654,87.63051946932265
178,1.4546381304495035,1.555,42.62169997197055,91.73127126466038
179,2.169491323331473,1.5525,68.39578504894024,102.0408923801994
180,1.9021575209714434,1.55,61.892518712087075,85.3959296446836
181,2.113691540346839,1.5474999999999999,66.76758826233288,82.44221918713092
182,2.1386504127349797,1.545,67.6877672192349,79.75340167438034
183,1.6742607237351976,1.5425,51.960224702036044,75.28653236586516
184,1.4461286776323454,1.54,42.24412754160489,75.11685857177724
185,2.1660539560654106,1.5375,68.7265574664551,83.53306891435021
186,1.48860445589692,1.535,44.2760233819799,79.50018209074987
187,1.5428321607359368,1.5325,48.74741941596577,78.46396978013567
188,1.8666313418838045,1.53,58.87748364759731,71.22814108200348
189,1.8353403275722648,1.5274999999999999,57.73215550787206,68.23114497705339
190,1.8566444465374798,1.525,58.09052026208884,82.17335660937802
191,1.886926411363503,1.5225,59.08142396979611,73.21499647074621
192,1.8306735639833904,1.52,57.456920658195045,65.50073183763898
193,1.7471101329123357,1.5175,54.345985360151644,68.63508697413721
194,1.9053378520354998,1.5150000000000001,60.173475341944005,74.12727691927455
195,1.649868372238617,1.5125,48.91733688486698,68.02939934807736
196,1.4370642339480753,1.51,41.83509336778872,70.78326116191053
197,1.39711316110473,1.5075,40.32526079221267,73.48816719497506
198,1.5873612914107194,1.505,48.47701657235327,73.75440463759907
199,1.810186321397563,1.5025,56.87959171815428,79.15853810180356
200,2.071428335311898,1.5,65.4663285596206,78.26449232153163
201,2.087153396433253,1.4975,65.93008689212091,71.17610159654114
202,1.8294390596506427,1.495,57.598409829653484,73.21468131899411
203,1.9443535694809857,1.4925,61.411015460386004,70.63691329997249
204,1.9001920044455065,1.49,60.0061202481822,71.91013276044252
205,1.5559000446390394,1.4875,47.15365021299279,62.46699296262476
206,1.232521924992049,1.4849999999999999,30.49312182045427,79.0664089495904
207,1.3123978497453888,1.4825,35.753397715967736,67.22864950806101
208,1.9294050556907263,1.48,60.504321614765175,69.75772686498928
209,1.8816015537339141,1.4775,59.384054908551676,79.05913984441983
210,1.8953621457785816,1.475,59.95556474052527,76.6504260257762
211,1.5791280673449806,1.4725000000000001,48.83760931288843,79.64248755346118
212,1.5215991429268916,1.47,45.69315967991893,67.40975791235198
213,1.6221848532798049,1.4675,49.994598619917866,62.61308567719054
214,1.2657330365516208,1.4649999999999999,32.60270740697873,65.28187474544603
215,1.477130865098373,1.4625,43.62990461953455,72.54703063640876
216,1.813802561830791,1.46,57.01935139905583,67.60346606845759
217,1.3729981397712667,1.4575,35.518855774740786,64.90284257873984
218,1.2930391725332921,1.455,34.22459275271067,71.14229444991318
219,1.101262261976414,1.4525000000000001,20.31955223663249,62.92774192431566
220,1.2744892674744641,1.45,33.13928191589551,65.00493875687134
221,1.376635558099636,1.4475,38.57119915131181,75.83773189792922
222,1.4445350376774706,1.4449999999999998,42.12887338540663,70.63354865755869
223,1.346374957286629,1.4425,37.24761210227253,60.38125860287262
224,1.3915583583834301,1.44,39.613147022358135,59.45452565238596
225,1.3985967448058643,1.4375,39.47111654301642,54.55165266337624
226,1.4768937720296513,1.435,43.69128183716957,56.206449435023025
227,1.470271617174722,1.4325,43.35225773841448,57.3230073542956
228,1.2603378721187983,1.43,33.56105455509104,65.14450663457478
229,1.4213771384563356,1.4275,41.57094294810529,61.07627762757109
230,1.4881109640710946,1.4249999999999998,44.18400404475772,54.91298974573713
231,1.503775777584706,1.4224999999999999,44.987118281091824,59.138283956242546
232,1.5708481755925063,1.42,47.883437912106174,58.09819945257111
233,1.3197737967057779,1.4175,34.96394234568148,58.60013625543231
234,1.4424473358617749,1.415,42.189836867132065,59.371050184356065
235,1.3040530578985732,1.4125,33.781210243685585,70.55703852218173
236,1.7442555579094883,1.4100000000000001,54.94618749422821,63.39014757705845
237,1.3702500469673877,1.4075,37.49886356610027,61.583854213088316
238,1.0392005793975676,1.405,30.189663009379107,53.4506766973841
239,1.196676776432786,1.4024999999999999,27.935315549896252,53.89071298018429
240,1.2206954413996072,1.4,28.995661300625162,52.921370607848004
241,1.1794051888527428,1.3975,26.820392867218885,53.31799961516962
242,1.2025614641308582,1.395,28.466765929079955,50.00354192971008
243,1.2471782210524744,1.3925,35.1059263004164,42.422035414121545
244,1.3235835245549046,1.3900000000000001,35.976782554060414,41.320301678438284
245,1.0832697836478136,1.3875,35.311659430613716,44.40811062153796
246,1.2879280174115095,1.385,33.94443476911221,46.38421760649416
247,1.3354729081835433,1.3824999999999998,35.748196849668346,49.66563762024383
248,1.2441125070862489,1.38,31.243764629007234,46.00311211504829
249,1.1610536042787796,1.3775,26.989321800517125,50.859528613599934
250,1.2257850792374427,1.375,29.959249223160235,51.664302941036496
251,1.1855389435733383,1.3725,29.86008305194583,52.90020203014883
252,1.169499948502809,1.37,26.043846161783126,49.21336001942315
253,1.3133217112645694,1.3675,35.401792618299176,47.23232867680991
254,1.1418517692474903,1.365,23.708647741986738,40.48354515805441
255,1.2822211471359464,1.3624999999999998,33.64805035987789,39.238258208300216
256,1.175185135554126,1.3599999999999999,26.045736076185225,43.078127292968006
257,1.1255654559689623,1.3575,22.44329171347888,44.51868340101441
258,1.1443959192009097,1.355,24.819276924994575,44.32967768570761
259,1.2307329603760326,1.3525,30.334264853015114,46.58318719707591
260,1.175776400484631,1.35,28.010706238975803,41.94394280375481
261,1.1900002193112282,1.3475000000000001,27.57202108662562,44.46742224304687
262,1.1334087193908366,1.345,20.3196778163359,48.08430542947326
263,1.0605501668499686,1.3425,15.565398382330217,40.546190309426784
264,1.1937221334135464,1.3399999999999999,42.2943294314536,34.60257203114708
265,1.3315207842182448,1.3375,35.54402621422641,36.22982462443606
266,1.301586479054662,1.335,37.291573149499776,35.52830012480625
267,1.2499107580778337,1.3325,31.62983166014009,38.56175761313617
268,1.2324510333148684,1.33,30.528718806456457,36.06411677432622
269,1.1425105069437964,1.3275000000000001,23.87603692785976,36.789580476379285
270,1.1435453944810747,1.325,23.7997787021455,38.143451745804306
271,1.1137971993456564,1.3225,21.38530246810742,34.12407260625579
272,1.2227889608491447,1.3199999999999998,30.35919373732889,33.601591446825935
273,1.24440676720886,1.3175,30.60297172922227,38.546613288257745
274,1.1964453669886077,1.315,27.690172131366477,41.06574839770643
275,0.7704311573153888,1.3125,16.74776290297984,38.46461017686839
276,1.212840627216542,1.31,29.179903560515275,39.564302078546795
277,1.2491423196400422,1.3075,32.69805035414136,35.52546863779147
278,1.1271641082848856,1.305,22.55316810772583,34.643368555016124
279,1.0470954605382161,1.3025,21.943924118996918,31.525922724411988
280,1.0387542851240998,1.2999999999999998,12.458613909276753,35.58177127846564
281,0.7174873242948182,1.2974999999999999,27.944195360768123,30.432793594640838
282,1.0302322062614362,1.295,15.658696328061467,28.314286015139277
283,1.089550102904613,1.2925,19.393773043753338,33.61566890849309
284,1.074444147931238,1.29,17.196216534905037,32.19953663958198
285,1.0846152639974334,1.2875,20.100771886631076,33.86862802110336
286,1.0955842243407545,1.2850000000000001,19.393251656194256,32.138197681994015
287,1.0107120766063928,1.2825,20.11206396390248,32.36371707046739
288,1.135744874712338,1.28,23.319238197270582,30.79932929340911
289,1.121252919137739,1.2774999999999999,25.28687424598956,29.887611665898095
290,1.007272286420679,1.275,25.63832951853557,26.135582241816763
291,1.0569078012925595,1.2725,15.51701914714845,31.32862920445973
292,1.137957176408062,1.27,23.889074693055917,31.974003616989755
293,1.125169510540572,1.2675,22.34985606529629,30.284649682169185
294,1.1691846172916598,1.2650000000000001,26.036305897500423,27.77378615908706
295,1.1165506979227722,1.2625,21.72938901822399,25.859321638859377
296,1.1382327175807014,1.26,23.839119412585813,27.790887666789388
297,1.0651558573710163,1.2574999999999998,16.151126972444985,26.966203523438047
298,1.0722109341342507,1.255,17.29110227773285,26.400524313692824
299,1.06412581519475,1.2525,16.04143593080583,26.448500054102567
300,0.9954346594691159,1.25,17.922178396094285,27.691055303473842
301,1.0627905238607525,1.2475,13.922693412417594,25.184500805690494
302,1.1062273479786513,1.245,19.655812150820594,26.110103403886193
303,1.0903112349924775,1.2425,19.140473959830732,26.19143880341162
304,1.075742951906651,1.24,17.27472418268859,24.21581993940592
305,0.946399275427684,1.2374999999999998,24.13610318746702,24.921046040724555
306,1.0772910178461603,1.2349999999999999,17.777180610825457,25.376138337514153
307,1.0628212639588364,1.2325,21.950029500656544,22.641153772131343
308,1.0865071456141544,1.23,18.788086718203612,24.184626995449847
309,1.0734822459393933,1.2275,17.185887963388737,23.750758344415704
310,1.036451124080494,1.225,12.232121559928322,28.52782467004885
311,1.104870748412445,1.2225000000000001,20.716648218429878,28.190689517632688
312,1.0790439838009314,1.22,17.98468303122802,27.84343276845837
313,1.1332189198306106,1.2175,23.48190503122759,28.704713740822733
314,1.18296160917886,1.2149999999999999,27.26696236173919,27.60159438219112
315,1.1309594412668647,1.2125,23.147755970705507,26.8633898822492
316,1.0339579749299321,1.21,13.812229650233892,25.204299484494598
317,1.030331902821454,1.2075,16.233064230088257,21.686959682694447
318,1.0810641271316002,1.205,18.99874883748793,20.759599088605537
319,1.032388726559497,1.2025000000000001,23.85060346000077,20.691907967253975
320,1.0370369706409095,1.2,13.621707102943768,18.224808491072444
321,1.0259767886532274,1.1975,17.39461438818134,20.010935422575233
322,1.024373051209544,1.1949999999999998,20.480942629316914,20.953145324175942
323,1.0824528724534899,1.1925,18.1652003634064,21.779959173984732
324,1.0405965366531738,1.19,17.13345173854209,18.561571104372547
325,0.9629807229776515,1.1875,18.562313930734973,18.358562826204125
326,1.058881317794325,1.185,15.135429821919146,17.589415476572146
327,0.9086604620295521,1.1825,25.45433182969907,18.366150995818874
328,1.0852738451718478,1.18,18.71683467593311,20.040397435606586
329,1.055491989789606,1.1775,14.898558408162561,18.179108100863242
330,0.9257566324736086,1.1749999999999998,24.257897830592633,16.392930533778554
331,1.0135643556145146,1.1724999999999999,20.794149841342048,16.91426543175782
332,1.0710002226288706,1.17,16.121089343189638,17.74744378931899
333,1.0311562661155098,1.1675,13.500154556681295,16.404320818758553
334,1.0413238824077973,1.165,12.814907932435888,18.991292504761883
335,1.016706563437682,1.1625,8.08769309782351,17.43308581998332
336,1.0511193603440228,1.1600000000000001,22.155642644555364,15.39677525010672
337,0.9600385044966397,1.1575,16.88359581441033,16.707812943766598
338,0.990313417999842,1.155,17.03124935269122,14.336369923930391
339,1.0289128160362353,1.1524999999999999,10.851294950338014,14.915555518863531
340,0.9922826888572914,1.15,11.060428229010993,13.858765247685195
341,0.9967260000761327,1.1475,13.929337422490049,13.67098250536201
342,1.023398163641882,1.145,9.658889149513273,14.742690006237202
343,1.000840310158144,1.1425,11.331512668350651,12.869943900036708
344,0.9703609542651772,1.1400000000000001,14.275991417990333,13.95164511510894
345,1.029287770734407,1.1375,19.467328036235436,14.464178449216451
346,0.8009487778889435,1.135,23.610719227920427,13.656074372873281
347,1.0450778652489066,1.1324999999999998,13.366853382682605,14.28787467852201
348,1.0245705622784762,1.13,15.672147779289999,11.250360484079602
349,0.9679499613578227,1.1275,15.481070627193963,10.370860428788593
350,1.0215082023557398,1.125,14.646218013985436,12.55107305420469
351,0.9987051380468356,1.1225,21.42500913040804,10.56788194696004
352,0.9025623245225671,1.12,23.864035032902038,9.95215681189674
353,1.059747786532956,1.1175,18.095559772070754,10.112068501678856
354,0.9904349391121734,1.115,24.33016519197005,10.705662291930185
355,1.012924989288997,1.1124999999999998,21.300422306961853,12.011092609545136
356,1.0420237521212479,1.1099999999999999,12.964382982397204,11.889208155647713
357,1.0261638098588095,1.1075,10.17419669626509,10.612604568485695
358,0.9001488910674365,1.105,17.479502531119472,10.317044815129393
359,1.0172520255095086,1.1025,15.529299603096307,9.640353608364057
360,0.8231603976254231,1.1,9.471007344602432,8.712642544063053
361,1.0229440396070475,1.0975000000000001,10.00470933730466,9.279443289612235
362,1.0262449473784312,1.095,10.279135655479385,9.72828899631455
363,0.8407915847313385,1.0925,16.207528572126684,9.342036951292416
364,0.8731319766689678,1.0899999999999999,9.187953753813924,9.329242342013718
365,0.9832476281840923,1.0875,7.56623544215409,9.58740186115424
366,0.807291758010012,1.085,12.300445928338506,8.538807186274058
367,0.9714134852861429,1.0825,10.0288974808451,9.19328110591889
368,0.9343507608028355,1.08,12.780756453521747,8.90312142593777
369,0.7742282127672333,1.0775000000000001,10.838789368092332,8.396582141049098
370,1.0025024066974282,1.075,13.902127541262628,8.027530349957576
371,1.002557958500281,1.0725,14.15134299459243,7.306955762255955
372,0.8403376686204991,1.0699999999999998,11.572255718094329,8.056593511240077
373,0.8714664067573356,1.0675,14.797900075551397,8.029896623691219
374,1.0173881489167618,1.065,9.954800009045773,7.560226375425843
375,1.0215335088006863,1.0625,9.284852646983111,7.2769485005434715
376,0.9772516748580107,1.06,7.9299564615542275,7.3395623442772315
377,0.9445903082859628,1.0575,9.52317416103798,5.437574441036665
378,0.7448047465663794,1.055,13.485386480164177,6.088166995878992
379,0.8403958093195311,1.0525,8.582340781576828,5.348992374488078
380,0.8374340435859552,1.0499999999999998,7.392116871092691,5.370705763049883
381,0.7050553073170867,1.0474999999999999,10.404452854564727,5.973801938898192
382,0.8006242558541969,1.045,7.394407031184677,5.6055405081233385
383,0.9046215640247828,1.0425,12.426258143524036,6.599682832736519
384,0.7246513932088319,1.04,16.213644532870614,5.709613350668697
385,0.6426129545193957,1.0375,15.232296741662665,5.26007736357297
386,0.8222115719112384,1.0350000000000001,14.620715950515399,5.750839768390096
387,0.9021520103275981,1.0325,20.07352839728818,5.295867342709953
388,0.9060589769664207,1.03,15.019142902702164,5.5541574662421
389,0.872691524809317,1.0274999999999999,14.964988978222598,5.593321142571606
390,0.8280201009582028,1.025,16.1744666292765,4.886129145786112
391,0.9017498127316576,1.0225,15.163467846984563,4.457001663380443
392,0.9584191623861934,1.02,17.74773970194764,5.144596613319498
393,0.7394868204719496,1.0175,17.65934583878451,5.139209651505981
394,0.8740959407785798,1.0150000000000001,18.2323192266366,4.5243828586915456
395,0.9322373328963165,1.0125,19.77372552765437,4.991113238337498
396,0.9405053572203063,1.01,14.382543769077943,4.901057835791706
397,0.9197171696594103,1.0074999999999998,15.277844837868729,4.5650475693856
398,0.9451727394368132,1.005,18.023403442712166,4.0586954425262665
399,1.0310348956529962,1.0025,14.184012542343511,4.273989974961502
400,1.014839124828507,1,15.303039711449374,3.2415350036020696
401,0.9689299221102601,0.9975,16.184355678393246,3.036577508310869
402,1.0309305535990547,0.9949999999999999,14.559932126900884,3.0054998611296866
403,1.0464888379142097,0.9924999999999999,14.817708429843515,2.7608094845642457
404,1.0403013185605336,0.99,12.697289330669335,2.496830745251918
405,1.034225288598753,0.9875,11.702150951078067,2.369307277032404
406,1.0349547610966554,0.9849999999999999,11.962040933196882,1.7611891758782896
407,1.0361372803751083,0.9824999999999999,12.011199997216078,1.561114279422288
408,1.0389896326507393,0.98,12.488736225977656,1.4623964614132947
409,1.0407831812727761,0.9775,12.771681740914794,1.033537056781765
410,1.042351512612798,0.9750000000000001,13.01561311085839,1.010950875527445
411,1.0475019090246176,0.9724999999999999,13.784323570232427,0.925856583938419
412,1.0538214618421917,0.97,14.672827987100186,0.7846189762583897
413,1.0560351520236193,0.9675,14.975507128101503,0.7877566969665363
414,1.0593816473313484,0.9650000000000001,15.413717701456147,0.6956316086416178
415,1.0641896112256566,0.9624999999999999,16.023687359037112,0.5668761076833527
416,1.069540656328097,0.96,16.67717528798483,0.4338597595370509
417,1.075918067824724,0.9575,17.354087295826822,0.34798024629123675
418,1.085635864325161,0.9550000000000001,18.162749495248747,0.28739868644178757
419,1.0946160921372425,0.9524999999999999,18.959725529466077,0.27170779659604544
420,1.091816584875649,0.95,19.890063044543172,0.2064035492325588
421,1.0729275865079546,0.9475,20.923335224111113,0.226038709765877
422,1.0076761628974868,0.9450000000000001,22.165884219631806,0.2966985400818316
423,1.0109126203701815,0.9424999999999999,23.2507311635682,0.3950417836966304
424,1.058721233241427,0.94,24.016822255678488,0.412628278302534
425,1.1216372821168135,0.9375,24.80889499227891,0.3862744611123213
426,1.1640579872764827,0.935,25.696684040625517,0.3006043962617692
427,1.1710283302692202,0.9324999999999999,26.35532296667768,0.3035015475390378
428,1.152733075930093,0.9299999999999999,27.147721278904616,0.24940700619219025
429,1.1500315999400588,0.9275,28.199024082961643,0.2591685125894679
430,1.1733789859564094,0.925,29.09313052272658,0.1849510752218138
431,1.2171152719485856,0.9224999999999999,29.873887583443285,0.16275483976276553
432,1.2482163231343717,0.9199999999999999,30.88094196593635,0.1370349972212097
433,1.259530317530601,0.9175,31.824599834593077,0.14212514823154648
434,1.268181291860884,0.915,32.846480383044,0.17195759001807034
435,1.2818791078897822,0.9124999999999999,33.57879742268266,0.22481156136113092
436,1.2949282869120766,0.9099999999999999,34.36266618269587,0.155949954034518
437,1.3101516246394265,0.9075,35.21458816760727,0.13264138667623082
438,1.3254315566629475,0.905,36.07760160218908,0.10296584670248862
439,1.3426475854670348,0.9025000000000001,37.005706712800624,0.061952376349915475
440,1.3596011331448334,0.8999999999999999,37.89665782365487,0.07469148956214465
441,1.3767945756324316,0.8975,38.80697711482455,0.087901695280707
442,1.3932091413377197,0.895,39.68009277917921,0.1289604921069886
443,1.4109024260271423,0.8925000000000001,40.56114071343359,0.13267569428340584
444,1.4282135430681677,0.8899999999999999,41.388900184758604,0.1499480702706996
445,1.4476570549367707,0.8875,42.31552350193013,0.14971544519655072
446,1.4655367890328894,0.885,43.15539626584636,0.23914216468385252
447,1.4817162764160752,0.8825000000000001,43.89608531248606,0.29284601146347045
448,1.49750408530808,0.8799999999999999,44.60652342169041,0.38002638807904465
449,1.5149606947055325,0.8775,45.36961265159152,0.4823158490670675
450,1.533348705358371,0.875,46.21347752334511,0.559764797539969
451,1.543971867424154,0.8725,46.79873586441699,0.698583822736059
452,1.5583163820122046,0.8699999999999999,47.18762760681438,1.0297015803446574
453,1.5667042783789629,0.8674999999999999,47.91782741701795,0.9879995890846732
454,1.5718534769011032,0.865,48.897015160061855,1.655373895615621
455,1.5852599007011017,0.8625,49.73656906991153,1.7448443707862897
456,1.616165100758729,0.8599999999999999,50.65947056031913,1.4446237207924137
457,1.6562980956149034,0.8574999999999999,51.51748384881288,1.4704991307633353
458,1.6809026088757744,0.855,52.26696012813215,1.617054966539498
459,1.7046887046514891,0.8525,53.303053954331865,1.6458387743849254
460,1.7140713422751088,0.8499999999999999,54.22602453893211,2.717072190118822
461,1.7336037295955313,0.8474999999999999,55.13710228488799,2.612909763360835
462,1.7689725641090843,0.845,56.043735356946705,2.292994176915722
463,1.8057760653047639,0.8425,56.83718249372716,2.2246343050055177
464,1.8308417016613532,0.8400000000000001,57.657744622941685,2.096960201387896
465,1.8551133431199913,0.8374999999999999,58.69896746783627,2.2399421294595503
466,1.8773238568087895,0.835,59.61840759978956,3.818041124091053
467,1.9082316161430113,0.8325,60.45616642516562,2.8468937130392504
468,1.9381566332076907,0.8300000000000001,61.25304723541701,2.560189872370296
469,1.9650859215402614,0.8274999999999999,62.14723168737559,2.6162554598742935
470,1.9932893072814304,0.825,63.1462877504139,2.78579775080459
471,2.0193048760252212,0.8225,64.05713756556506,3.0047309830219744
472,2.0507221189716405,0.8200000000000001,64.93072425850265,2.600657269286999
473,2.081053740507411,0.8174999999999999,65.74295868315829,2.252230170470538
474,2.110204557014923,0.815,66.63811493585402,2.9187120572659278
475,2.141146917894189,0.8125,67.60009250493006,2.443866993831539
476,2.1709548646063794,0.81,68.52079814227721,3.197422208847505
477,2.2028432034669305,0.8074999999999999,69.35813246267716,3.401127288731987
478,2.2331626015389303,0.8049999999999999,70.2257582851606,3.0232649329835226
479,2.264817016285119,0.8025,71.1252088705487,2.8336872409781995
480,2.2973672661918476,0.8,72.02464346354074,4.2166152709833895
481,2.32969605414653,0.7974999999999999,72.92515772051118,2.66197187163593
482,2.3623409200631085,0.7949999999999999,73.81958465801446,3.3081995626875758
483,2.3955893646195894,0.7925,74.7204480304807,2.971500357302752
484,2.425793703849124,0.79,75.61936601555963,2.683070593984781
485,2.451055609416649,0.7874999999999999,76.51763726815548,3.3293821624222266
486,2.476836102578492,0.7849999999999999,77.41703354374661,3.1599985344502444
487,2.511717613329859,0.7825,78.31858323791894,3.162554140809127
488,2.5579198264788987,0.78,79.21686709719934,3.134356015645542
489,2.6046136692635855,0.7775000000000001,80.1159484747316,3.6222098706125387
490,2.639138320923869,0.7749999999999999,81.01523016529033,3.1352335946386036
491,2.66255166937256,0.7725,81.91389767826048,2.9490148919620056
492,2.6907705733433716,0.77,82.81776883522191,3.576256087207052
493,2.73302871385291,0.7675000000000001,83.71479276918753,3.1516007761210956
494,2.786793935258522,0.7649999999999999,84.61625503544816,3.0681923455435234
495,2.8247858922611515,0.7625,85.59882173587975,2.3086849289397473
496,2.8644626165000244,0.76,86.5013385386063,3.3345031847274997
497,2.905755417740531,0.7575000000000001,87.3153024871574,4.315024517243318
498,2.9424460194108564,0.7549999999999999,88.21264326599584,3.3242216517118237
499,2.9845719678478995,0.7525,89.1141720575717,3.803847407795639
500,3.0252442927889542,0.75,90.0131784914158,3.9833682591198
501,3.0620639764891013,0.7475,90.91136741749575,2.900424813724217
502,3.100562412815879,0.7449999999999999,91.81206550457826,3.5180989958164552
503,3.145272883075447,0.7424999999999999,92.71244862537259,4.086798111205059
504,3.1920458062149217,0.74,93.64781301639188,3.77823169545862
505,3.234356744626008,0.7375,94.54555639201058,3.299322364821547
506,3.2719538379806936,0.7349999999999999,95.41377023786148,3.240555351401226
507,3.3101142059518387,0.7324999999999999,96.31249966285263,3.7647329583320164
508,3.3551633209965503,0.73,97.21246776145036,5.043136753636697
509,3.404221121321998,0.7275,98.11140119882054,3.350635028772564
510,3.450700896272937,0.7249999999999999,99.00918258142762,2.6162132945002425
511,3.493556736348637,0.7224999999999999,99.90965279039085,3.2003552218734
512,3.536725833960439,0.72,100.81021261855308,3.224638835695459
513,3.5831381552877404,0.7175,101.710055520385,3.860662467461006
514,3.6312219811538156,0.7150000000000001,102.60916235296563,3.8365014318994044
515,3.6785243157827616,0.7124999999999999,103.50932575366625,3.740769426596921
516,3.7253449788850705,0.71,104.40941409978731,4.366766950346288
517,3.7729111384555396,0.7075,105.31039892049077,3.458213558862525
518,3.8199151782749734,0.7050000000000001,106.20899844329246,5.629805069508182
519,3.865596056327783,0.7024999999999999,107.10790782327899,4.126573135811314
520,3.914187111553596,0.7,108.01019323819273,3.7838210735113478
521,3.9635539855390407,0.6975,108.98040333079102,4.247598045129601
522,3.998688817469722,0.6950000000000001,109.89339471972697,4.080803696348875
523,4.040861969215704,0.6924999999999999,110.79499546821735,5.0018132515190405
524,4.102475110862518,0.69,111.69720160034564,4.934200722572134
525,4.1554438838653205,0.6875,112.50996287566561,3.7778557565647177
526,4.190244652456128,0.685,113.41274834796512,3.782008945853852
527,4.237905611974178,0.6824999999999999,114.3104413181476,2.736409322027625
528,4.305606721105823,0.6799999999999999,115.20996623963772,3.1023112977233223
529,4.371391984603705,0.6775,116.15649923744802,3.38882359718144
530,4.421928246977057,0.675,117.0681597231124,4.781598563508507
531,4.475190375895104,0.6724999999999999,117.91097050523791,5.261195590377026
532,4.525331645231929,0.6699999999999999,118.80873128939156,4.673678397802018
533,4.581764503865052,0.6675,119.71011825371302,4.141229591374105
534,4.637773520856391,0.665,120.64351128969409,3.965144300354315
535,4.692218819030441,0.6624999999999999,121.52258776344311,4.399395333980508
536,4.745857997903695,0.6599999999999999,122.4067674507605,3.4912602866897595
537,4.8023279676136745,0.6575,123.32326257839945,3.8143416429131016
538,4.856902918855711,0.655,124.25809349282271,3.872150301850892
539,4.9130747451338825,0.6525000000000001,125.15542888936734,4.7430064831484025
540,4.970501637750798,0.6499999999999999,126.0094408082893,4.590153057635647
541,5.02623228812859,0.6475,126.90504588529026,3.211238745520994
542,5.083147029557435,0.645,127.80501423546454,3.5067013629740083
543,5.1361642848085935,0.6425000000000001,128.70682331910436,3.6135080121274994
544,5.181797526642773,0.6399999999999999,129.60510941119574,3.582392714883228
545,5.227727061777365,0.6375,130.50499980565297,4.773394436084606
546,5.284093552549618,0.635,131.40463547046735,4.330736480849463
547,5.353213806061842,0.6325000000000001,132.3047197443425,5.000784019549688
548,5.42716958895823,0.6299999999999999,133.20596178228283,5.211660496552744
549,5.4960143955492695,0.6275,134.1056400187016,5.396084994759583
550,5.557770747873189,0.625,135.01944892204608,4.9456985384103875
551,5.617921044987336,0.6225,135.90565767937403,3.4905926181780744
552,5.678904270047965,0.6199999999999999,136.80507570776146,3.2508849698662368
553,5.740521009360536,0.6174999999999999,137.70415010456097,4.347604815076748
554,5.802629335969198,0.615,138.60370070418242,4.855297157520121
555,5.866510897018227,0.6125,139.52209483492229,5.032312330976151
556,5.928486123550292,0.6099999999999999,140.44468406946183,5.015761829475364
557,5.992164150582592,0.6074999999999999,141.30300244036366,4.322160295570396
558,6.045183713558268,0.605,142.2048959098344,3.6110913632528914
559,6.094736115315725,0.6025,143.10362773714,3.45551742094547
560,6.156873682809756,0.5999999999999999,144.00368642622732,4.537593027007927
561,6.233140752645299,0.5974999999999999,144.90377111122606,4.483646768839064
562,6.312475841913079,0.595,145.80436457894658,4.894187570889865
563,6.379854811305778,0.5925,146.70311021016656,5.148404034496959
564,6.434832770454001,0.5900000000000001,147.6032721681306,5.869188461202116
565,6.492825814781935,0.5874999999999999,148.50328955797616,3.8205575517790478
566,6.567693404079841,0.585,149.40518499925886,5.0927909685626656
567,6.646530701782146,0.5825,150.34557877699638,4.415169976947432
568,6.7001552650303315,0.5800000000000001,151.2622881911837,3.8223511827908006
569,6.768325160526518,0.5774999999999999,152.15600218633435,3.3670260180441915
570,6.8458217059930435,0.575,153.0611731708232,3.129509708139773
571,6.92230582067469,0.5725,153.93363843412178,4.09426704007033
572,6.991204729509374,0.5700000000000001,154.80434084033823,4.848196592331612
573,7.060912017360233,0.5674999999999999,155.7038679569401,4.194656463433201
574,7.130698247750094,0.565,156.60349471226385,4.552927565005055
575,7.201206370385788,0.5625,157.5031439752791,4.663080425094623
576,7.273402676380911,0.56,158.40334146344065,3.813115899408396
577,7.345476418931656,0.5574999999999999,159.30739118092688,5.441700904896223
578,7.416206822619831,0.5549999999999999,160.20215827348105,4.6397339149374295
579,7.487310869322378,0.5525,161.10212788736,5.696382491190137
580,7.561039548527735,0.55,162.00250246212113,6.215073142524832
581,7.635400788931355,0.5474999999999999,162.91272672173895,4.446828531659675
582,7.708017069669081,0.5449999999999999,163.80157228778918,5.5706176960349865
583,7.78093870750023,0.5425,164.70155336387475,4.7559744127680315
584,7.853778673932702,0.54,165.64773186369536,5.082526172303332
585,7.9108050173653295,0.5374999999999999,166.55083660762025,6.16923582128149
586,7.96532517050516,0.5349999999999999,167.45609496955745,4.931152817487139
587,8.034840510665902,0.5325,168.3632905782003,5.094477039299056
588,8.122978207860724,0.53,169.2557244434915,4.518592139668148
589,8.22073779265715,0.5275000000000001,170.14861641680432,4.4985234764741096
590,8.31124930828084,0.5249999999999999,171.02552996606948,4.403385232987297
591,8.386563795936327,0.5225,171.90224647101738,5.252137004112337
592,8.46514115108751,0.52,172.80373563849224,6.190166065600702
593,8.542945268855332,0.5175000000000001,173.70211248174815,3.7808743301347585
594,8.621940027507266,0.5149999999999999,174.6019593221397,5.499045624084028
595,8.699628272701146,0.5125,175.5437522582323,3.9510727684088254
596,8.774430405265043,0.51,176.4449022608411,5.244849055744565
597,8.854537927318159,0.5075000000000001,177.34566243265837,5.57793013672807
598,8.939374597522502,0.5049999999999999,178.2357893570921,4.244108385267702
599,9.019379819104202,0.5025,179.10203425399072,5.741415687134278
600,9.1005352317331,0.5,180.03464495075448,4.762589044326303
601,9.177080331625893,0.49750000000000005,180.93789530073656,4.168443232743079
602,9.257959128969926,0.4949999999999999,181.84687621572422,4.0368097568577825
603,9.34481507864627,0.49249999999999994,182.73932583634937,5.161865805086778
604,9.427655029833915,0.49,183.60307409500868,4.070538581317713
605,9.511366239679571,0.48750000000000004,184.51466947594938,4.919473334624356
606,9.593248637864097,0.4849999999999999,185.42855891655432,5.16855740915849
607,9.677710017756244,0.48249999999999993,186.3241433931776,4.502852774770206
608,9.76082790020205,0.48,187.2024710907582,4.039642045975749
609,9.84664411869625,0.47750000000000004,188.1141896227754,4.140908992068484
610,9.922678860153741,0.47499999999999987,189.04295536002323,3.8772519734397646
611,9.999303191600294,0.4724999999999999,189.93902519256986,4.112653387785016
612,10.084727884745897,0.47,190.8470177556058,4.947920020730482
613,10.179879401989771,0.4675,191.74183171424562,4.7190371398143585
614,10.274525338906106,0.46499999999999986,192.62459009762026,4.639359290867307
615,10.360316414444402,0.4624999999999999,193.4993631288004,4.962172126861745
616,10.448867909203214,0.45999999999999996,194.40413112602047,4.607690494927537
617,10.536602003466696,0.4575,195.3137380589151,4.890448021952103
618,10.623474160712384,0.45500000000000007,196.19812394011,4.6762276905226
619,10.71124319720596,0.4524999999999999,197.09828258351956,5.401296625610604
620,10.800847800795802,0.44999999999999996,197.99753963471895,4.669676018927282
621,10.890567399418428,0.4475,198.89743901263395,4.523280245433912
622,10.979747338132645,0.44500000000000006,199.79702677087485,3.9542649526671267
623,11.070183937035413,0.4424999999999999,200.69706876047624,6.098994813921269
624,11.161382506595192,0.43999999999999995,201.60577792747827,5.075704966011486
625,11.25136095730272,0.4375,202.49381914818787,3.5817458964492004
626,11.339914194743331,0.43500000000000005,203.39399995124762,6.166359360323239
627,11.434393930633854,0.4324999999999999,204.3193929587051,4.884594508210484
628,11.502683999016696,0.42999999999999994,205.23188660798866,4.033724980601564
629,11.55392471147498,0.4275,206.1354398804208,5.103951957630212
630,11.612082796387279,0.42500000000000004,207.0381045789548,5.271734646514064
631,11.7010511390891,0.4224999999999999,207.9384949238226,5.1739657392837035
632,11.82414774459155,0.41999999999999993,208.8380355203425,4.106798412498469
633,11.959617783690025,0.4175,209.73555989328793,5.538423619393649
634,12.081901123372267,0.41500000000000004,210.63163707412076,3.667752684422685
635,12.182515563564701,0.41249999999999987,211.49096556963346,4.795725284980717
636,12.277149445065106,0.4099999999999999,212.3884678464918,4.286060795590981
637,12.370129610645968,0.4075,213.28582721967462,4.13705790913833
638,12.461951658484194,0.405,214.18784423107368,4.564197974443888
639,12.557600201664442,0.40249999999999986,215.08562193937766,4.389355680076189
640,12.659004670456168,0.3999999999999999,215.9865144157424,3.8794822161740696
641,12.760281907320616,0.39749999999999996,216.88638572371292,4.898473789849701
642,12.858499884666207,0.395,217.79434261059467,5.378857142101529
643,12.955560748486938,0.39250000000000007,218.6787073849848,4.122575901032683
644,13.053533008134409,0.3899999999999999,219.5776483784071,4.830350588823761
645,13.152158829394077,0.38749999999999996,220.47355496707328,4.785553547625215
646,13.251609980148615,0.385,221.3739976465356,5.6848918685686884
647,13.351370989018452,0.38250000000000006,222.27123519020856,4.175366708966294
648,13.451739539108415,0.3799999999999999,223.17195875031496,4.58385442942822
649,13.550143386152664,0.37749999999999995,224.07022516607788,3.7714504545169283
650,13.645464129769175,0.375,224.9669441431214,5.326395736730218
651,13.746628491373013,0.37250000000000005,225.86489709697577,4.755094982965139
652,13.853457882151451,0.3699999999999999,226.78874444441206,3.985627588735001
653,13.928376046935309,0.36749999999999994,227.6909615273564,4.181284679771575
654,14.009861940554304,0.365,228.5925174103224,3.430715251021008
655,14.11455271958199,0.36250000000000004,229.50025765374272,4.848231535732077
656,14.247572011564925,0.3599999999999999,230.39106601656798,4.757026928772801
657,14.353612761969748,0.35749999999999993,231.25189614871735,5.790140644730742
658,14.436839494763461,0.355,232.1574308915125,4.572807489459823
659,14.546243067284324,0.35250000000000004,233.05566991675295,3.8728417233896337
660,14.6671294897258,0.34999999999999987,233.95075738878188,4.086058163082353
661,14.784589151519707,0.3474999999999999,234.8439914772896,3.7373779734730577
662,14.893559592381358,0.345,235.74012282858644,4.505704386830782
663,14.998859054225914,0.3425,236.6335498016554,4.146735774946195
664,15.10613020265918,0.33999999999999986,237.53487894348243,4.466620142226167
665,15.212103529938641,0.3374999999999999,238.4282430893338,4.836987581511883
666,15.319307490921744,0.33499999999999996,239.3224154526371,4.418733198264409
667,15.426293744644255,0.3325,240.21890439416248,3.3005301636812803
668,15.533928184836897,0.33000000000000007,241.113467176086,3.848260318746655
669,15.640876600771103,0.3274999999999999,241.99871742300923,3.877893998691321
670,15.75001506414648,0.32499999999999996,242.89790426382942,3.3787760979717154
671,15.856039661924587,0.3225,243.8224652713192,4.282388310163222
672,15.949520529099555,0.32000000000000006,244.72368599009403,3.600588926703113
673,16.03735331870868,0.3174999999999999,245.621331827051,3.3063339889554952
674,16.13423287847367,0.31499999999999995,246.52224191137222,3.470729733854917
675,16.251184548262838,0.3125,247.41646910122984,4.062938779994161
676,16.384711326036278,0.31000000000000005,248.31023594916093,3.842698596769518
677,16.517450098339438,0.3074999999999999,249.19225112566355,3.5293923546278947
678,16.629981855149893,0.30499999999999994,250.06916749519908,3.797019396568647
679,16.737557079949855,0.3025,250.9271054463996,3.711530715638078
680,16.850495789083876,0.30000000000000004,251.80207858750683,4.278811930437402
681,16.964221467596307,0.2974999999999999,252.699256245493,5.312277225175404
682,17.078438592779843,0.29499999999999993,253.60136059356526,4.573213417350535
683,17.19042019910259,0.2925,254.48491048521905,3.4214782005449953
684,17.30035024156078,0.29000000000000004,255.37147148906843,3.213567345294315
685,17.410732967863645,0.28749999999999987,256.2598193075683,4.393268263252867
686,17.51850290591348,0.2849999999999999,257.1590281562021,3.5732719929998984
687,17.63734327332201,0.2825,258.0488744294357,3.82512879576608
688,17.763193846015756,0.28,258.94703171369355,3.8123463506468935
689,17.875691405481,0.27749999999999986,259.8627548267417,4.187963024318112
690,17.992752797575687,0.2749999999999999,260.73800537303237,4.145191189417021
691,18.112750687225862,0.27249999999999996,261.633542908654,3.809317734849439
692,18.226858133203503,0.27,262.5097678679886,3.794070306922765
693,18.342648288912475,0.26750000000000007,263.376033312544,3.4790299875376585
694,18.456398940479446,0.2649999999999999,264.2720813639869,4.1107298178177025
695,18.57316851289262,0.26249999999999996,265.1279560443203,3.458199978622706
696,18.684526252976045,0.26,265.99405437376134,4.600027184502069
697,18.80451319728681,0.25750000000000006,266.91053819000194,2.9925824996678325
698,18.92699718913389,0.2549999999999999,267.7955372067257,3.1479635803593125
699,19.044862611510286,0.25249999999999995,268.66247956210873,4.1156553765642
700,19.1606351888669,0.25,269.5273160509004,3.6599867286332475
701,19.274563080298957,0.24750000000000005,270.4252790782656,3.995875673268364
702,19.394903211097724,0.24499999999999988,271.31002917686425,3.306185377556859
703,19.521850492481224,0.24249999999999994,272.19828221078103,4.203973541399107
704,19.63724004827078,0.24,273.03373892110335,4.686392456807221
705,19.754782997925073,0.23750000000000004,273.9208508473461,2.918756389984374
706,19.867231672183593,0.23499999999999988,274.80007843142846,3.3731244029481986
707,19.983452477457703,0.23249999999999993,275.6395214592986,2.9783450285509994
708,20.10760911913692,0.22999999999999998,276.5002214058361,2.8941310895735404
709,20.235988912354124,0.22750000000000004,277.38514114358554,4.058658398756986
710,20.35386573139398,0.22499999999999987,278.2518209060512,4.05136035893106
711,20.469740771417577,0.22249999999999992,279.0688031277728,3.0534291670978306
712,20.583368463299582,0.21999999999999997,279.8840988263923,4.285423256238793
713,20.694554742915148,0.21750000000000003,280.6847239395905,3.952270812120207
714,20.822931013884308,0.21499999999999986,281.5914294029482,3.1623122607843293
715,20.940392342018555,0.2124999999999999,282.4201322582876,3.376000504204677
716,21.062229779114816,0.20999999999999996,283.28242832443385,2.633006177065169
717,21.172033005701294,0.20750000000000002,284.0566987700162,3.1367590314626974
718,21.307282117565432,0.20500000000000007,285.0070502348727,2.8132870331711453
719,21.427652173165647,0.2024999999999999,285.8505726533327,3.8626319790052803
720,21.534294669693946,0.19999999999999996,286.5956770307838,3.1896199135946444
721,21.657850586142477,0.1975,287.45820761276127,2.601357699845529
722,21.77919669064261,0.19500000000000006,288.3174191824271,3.3298310797180015
723,21.900464032311774,0.1924999999999999,289.20691587744926,2.5735159813765645
724,22.027309950912386,0.18999999999999995,290.0324707988173,3.1539691071326468
725,22.146482673384345,0.1875,290.8749449479868,3.057332653870617
726,22.217999779058022,0.18500000000000005,291.72726131745395,2.9061533487591826
727,22.276918428925626,0.18249999999999988,292.5035870075388,2.439652814262813
728,22.381247004420963,0.17999999999999994,293.3794963068195,3.010266583024084
729,22.563589966867795,0.1775,294.28709743724437,2.6806783322546073
730,22.751219881516604,0.17500000000000004,295.07447915480304,3.1507689272387958
731,22.766347081915786,0.17249999999999988,295.9722238580949,3.5352119136800084
732,22.830804572026494,0.16999999999999993,296.81903068120744,2.684188669541073
733,22.99382176011958,0.16749999999999998,297.6769081363584,2.252978979297568
734,23.179542344552697,0.16500000000000004,298.5240561068528,2.354424842461086
735,23.362112529190153,0.16249999999999987,299.2379995760916,2.835324358627283
736,23.49094563061317,0.15999999999999992,300.01800800752096,2.6076858138721075
737,23.609975683903862,0.15749999999999997,300.8335173916091,2.6967251684981344
738,23.720181279380004,0.15500000000000003,301.4691892368268,2.342005690236706
739,23.83951395991885,0.15249999999999986,302.2601545282849,4.206582261520393
740,23.958434497121,0.1499999999999999,303.0411231903951,3.1035208767949602
741,24.070509013242937,0.14749999999999996,303.780352400083,2.581474401536202
742,24.178757751128483,0.14500000000000002,304.4952612513377,2.3255196157537474
743,24.301812642126972,0.14250000000000007,305.28969634347453,2.5838530644398903
744,24.41227483022329,0.1399999999999999,306.02579274056325,2.171276370029215
745,24.530342903101182,0.13749999999999996,306.7924891257786,2.4487601312755536
746,24.648020581191712,0.135,307.5582365351784,2.1784307132209766
747,24.767643828385633,0.13250000000000006,308.33503259052134,2.575808115938851
748,24.87950482443004,0.1299999999999999,309.0596242622579,2.5515032739634735
749,24.990371132300535,0.12749999999999995,309.7745831203865,1.8726170128948976
750,25.10491019502449,0.125,310.5094560772428,2.241956194330524
751,25.21580170568608,0.12250000000000005,311.2280629202499,2.1569463269099862
752,25.32663751356836,0.11999999999999988,311.94429278479396,2.6358808534841867
753,25.41487977280171,0.11749999999999994,312.4980873604005,1.6194178872348992
754,25.510638050354206,0.11499999999999999,313.115235005956,1.8576782916667394
755,25.603899256256657,0.11250000000000004,313.9350809131674,1.7057498341870505
756,25.6945964457935,0.10999999999999988,314.75400327123356,2.28402399394442
757,25.770189137244103,0.10749999999999993,315.5107312731382,1.462519039159197
758,25.883919498074945,0.10499999999999998,316.2731017149758,1.4025952484794884
759,26.00265820744773,0.10250000000000004,316.9408559683184,1.4003240141196307
760,26.18423340780977,0.09999999999999987,317.74981243973076,2.021749447679034
761,26.34367528909949,0.09749999999999992,318.44889339075763,2.026055487113944
762,26.43972269227867,0.09499999999999997,319.0606744865325,1.7331360393305542
763,26.56474927731591,0.09250000000000003,319.7854677729584,1.406098993522145
764,26.662803775569536,0.08999999999999986,320.49289708407264,1.5295069286783547
765,26.7647544752743,0.08749999999999991,321.1243223056747,1.3370503064023418
766,26.891973904442008,0.08499999999999996,321.84148786399743,1.4703470805886127
767,26.995902767948373,0.08250000000000002,322.44521577507277,1.465822106242354
768,27.107150529998638,0.08000000000000007,323.16235446053616,1.6459032806601919
769,27.21015002033972,0.0774999999999999,323.799074664173,1.685432084589322
770,27.314490582233827,0.07499999999999996,324.4351057343546,1.333065335189302
771,27.434087466144273,0.07250000000000001,325.1711590452273,1.636744080028743
772,27.532257139657965,0.07000000000000006,325.7745059961458,1.519890820090091
773,27.66457424840871,0.0674999999999999,326.5857500845787,1.3847766737887732
774,27.77929580315111,0.06499999999999995,327.287614087779,1.2311461094023972
775,27.88860585879893,0.0625,327.9568267307415,1.1451197213499442
776,28.010338792503216,0.06000000000000005,328.70940247107814,1.1440900785146426
777,28.114861149486057,0.057499999999999885,329.42458747015206,1.0723561092019076
778,28.242455231157187,0.05499999999999994,330.2116839785815,1.0147673112764584
779,28.337079270306386,0.05249999999999999,330.7901466024624,0.9850114259697399
780,28.49019675577731,0.050000000000000044,331.66579102343735,0.805823115054898
781,28.6252153016676,0.047499999999999876,332.41267476584375,1.0130127572191137
782,28.746729526699422,0.04499999999999993,333.136268216938,0.8146103001064162
783,28.870435300070334,0.04249999999999998,333.9409157024,0.7301664294784216
784,29.001216502384178,0.040000000000000036,334.73168980246135,0.6768173074285865
785,29.14117646535927,0.03749999999999987,335.56164634316525,0.6612170601319628
786,29.288704106131544,0.03499999999999992,336.3968439248427,0.570204385988124
787,29.427047976643873,0.03249999999999997,337.1995109498823,0.5869819973578354
788,29.559645673256647,0.030000000000000027,338.00129595176736,0.5459463930896755
789,29.689328095256865,0.027499999999999858,338.78103158315156,0.5245654398641773
790,29.826562085885516,0.02499999999999991,339.5666036647891,0.5350906377971512
791,29.973178538311394,0.022499999999999964,340.4151270809039,0.5606880440940945
792,30.109764493997872,0.020000000000000018,341.27910018612044,0.3183118306760663
793,30.2659196139648,0.01749999999999985,342.11705070514193,0.430389702373728
794,30.42417588936388,0.014999999999999902,342.9570790093327,0.27801850820329377
795,30.578283948286984,0.012499999999999956,343.84498353398214,0.27203492838092247
796,30.72333561703773,0.010000000000000009,344.7192163190055,0.17662511364171735
797,30.86070688664781,0.007500000000000062,345.57031479762264,0.15829135455039386
798,31.004463991852557,0.004999999999999893,346.4518958646069,0.10142897423742606
799,31.158400418201108,0.0024999999999999467,347.34018426164346,0.060364162452580396
800,31.318202671673685,0,348.2390313523223,0.0020063713117323477
